Polygon 10:
rgb(226, 178, 160)
395.0, 589.0
417.0, 579.0
447.0, 558.0
457.0, 547.0
470.0, 510.0
469.0, 459.0
450.0, 422.0
405.0, 408.0
357.0, 417.0
328.0, 445.0
315.0, 487.0
322.0, 504.0
326.0, 524.0
333.0, 548.0
347.0, 561.0
369.0, 575.0

Polygon 2:
rgb(202, 210, 174)
334.0, 507.0
334.0, 516.0
336.0, 524.0
343.0, 531.0
356.0, 535.0
371.0, 529.0
376.0, 516.0
377.0, 500.0
365.0, 495.0
349.0, 494.0
340.0, 498.0

Polygon 1:
rgb(10, 10, 10)
342.0, 498.0
341.0, 509.0
341.0, 520.0
346.0, 527.0
353.0, 532.0
365.0, 530.0
370.0, 518.0
369.0, 500.0
357.0, 495.0
350.0, 495.0

Polygon 3:
rgb(10, 10, 10)
334.0, 503.0
327.0, 502.0
334.0, 491.0
342.0, 484.0
358.0, 486.0
373.0, 486.0
379.0, 493.0
377.0, 499.0
368.0, 496.0
356.0, 495.0
346.0, 494.0
341.0, 497.0

Polygon 5:
rgb(202, 210, 174)
433.0, 534.0
444.0, 534.0
455.0, 530.0
460.0, 522.0
463.0, 512.0
458.0, 504.0
448.0, 499.0
436.0, 496.0
427.0, 499.0
425.0, 512.0
423.0, 524.0

Polygon 4:
rgb(10, 10, 10)
453.0, 500.0
453.0, 514.0
450.0, 521.0
443.0, 520.0
438.0, 521.0
438.0, 524.0
445.0, 526.0
446.0, 527.0
440.0, 532.0
433.0, 530.0
422.0, 524.0
425.0, 506.0
428.0, 498.0
434.0, 494.0
443.0, 495.0

Polygon 6:
rgb(10, 10, 10)
426.0, 495.0
433.0, 487.0
443.0, 487.0
455.0, 488.0
464.0, 492.0
469.0, 501.0
466.0, 506.0
461.0, 507.0
449.0, 497.0
439.0, 494.0

Polygon 7:
rgb(255, 197, 178)
382.0, 563.0
389.0, 567.0
397.0, 569.0
407.0, 567.0
410.0, 562.0
404.0, 563.0

Polygon 8:
rgb(255, 197, 178)
399.0, 525.0
401.0, 530.0
406.0, 532.0
406.0, 538.0
404.0, 547.0
401.0, 554.0
398.0, 546.0
401.0, 536.0
395.0, 526.0

Polygon 9:
rgb(16, 8, 20)
380.0, 495.0
387.0, 495.0
386.0, 497.0
399.0, 494.0
399.0, 498.0
407.0, 496.0
416.0, 490.0
421.0, 479.0
425.0, 463.0
427.0, 447.0
432.0, 460.0
432.0, 478.0
428.0, 489.0
438.0, 483.0
438.0, 471.0
438.0, 455.0
433.0, 436.0
438.0, 443.0
444.0, 456.0
444.0, 475.0
443.0, 483.0
447.0, 479.0
449.0, 467.0
447.0, 455.0
456.0, 472.0
469.0, 504.0
470.0, 510.0
465.0, 524.0
459.0, 548.0
446.0, 559.0
437.0, 570.0
432.0, 573.0
435.0, 587.0
440.0, 604.0
449.0, 618.0
464.0, 629.0
468.0, 630.0
471.0, 619.0
476.0, 590.0
481.0, 562.0
483.0, 545.0
501.0, 546.0
505.0, 541.0
496.0, 537.0
494.0, 529.0
501.0, 534.0
496.0, 517.0
494.0, 500.0
493.0, 485.0
487.0, 460.0
470.0, 427.0
443.0, 393.0
413.0, 381.0
365.0, 394.0
338.0, 405.0
318.0, 435.0
286.0, 500.0
301.0, 527.0
306.0, 551.0
307.0, 562.0
317.0, 577.0
336.0, 583.0
352.0, 589.0
363.0, 587.0
365.0, 575.0
333.0, 551.0
322.0, 502.0
328.0, 493.0
349.0, 470.0
365.0, 451.0
383.0, 419.0
386.0, 422.0
379.0, 441.0
361.0, 482.0
366.0, 479.0
376.0, 458.0
388.0, 428.0
391.0, 435.0
386.0, 448.0
380.0, 466.0
369.0, 484.0
371.0, 484.0
374.0, 479.0
382.0, 472.0
391.0, 453.0
388.0, 474.0
382.0, 483.0

