Polygon 1:
rgb(226, 178, 160)
292.0, 672.0
314.0, 663.0
322.0, 661.0
333.0, 640.0
346.0, 621.0
353.0, 607.0
356.0, 599.0
347.0, 605.0
337.0, 607.0
326.0, 610.0
316.0, 616.0
309.0, 608.0
299.0, 619.0
284.0, 636.0
288.0, 655.0

Polygon 2:
rgb(226, 178, 160)
277.0, 544.0
266.0, 551.0
254.0, 558.0
250.0, 575.0
265.0, 580.0
274.0, 586.0
278.0, 591.0
278.0, 601.0
289.0, 603.0
297.0, 606.0
308.0, 606.0
317.0, 613.0
332.0, 607.0
345.0, 605.0
353.0, 600.0
359.0, 589.0
353.0, 579.0
337.0, 582.0
328.0, 581.0
322.0, 597.0
322.0, 580.0
328.0, 577.0
325.0, 567.0
310.0, 567.0
306.0, 590.0
312.0, 561.0
304.0, 562.0
296.0, 566.0
290.0, 589.0
293.0, 573.0
305.0, 559.0
297.0, 558.0
283.0, 558.0
278.0, 565.0
265.0, 567.0
271.0, 559.0
277.0, 552.0
281.0, 544.0

Polygon 3:
rgb(226, 178, 160)
494.0, 665.0
502.0, 642.0
507.0, 617.0
486.0, 619.0
476.0, 620.0
471.0, 609.0
471.0, 624.0
469.0, 637.0
466.0, 648.0
477.0, 655.0

Polygon 4:
rgb(226, 178, 160)
501.0, 615.0
510.0, 615.0
529.0, 615.0
538.0, 605.0
544.0, 591.0
528.0, 580.0
514.0, 591.0
519.0, 601.0
527.0, 589.0
527.0, 594.0
523.0, 602.0
511.0, 595.0
515.0, 580.0
522.0, 576.0
506.0, 585.0
520.0, 577.0
543.0, 584.0
543.0, 568.0
534.0, 564.0
518.0, 564.0
510.0, 572.0
500.0, 584.0
505.0, 572.0
514.0, 564.0
531.0, 561.0
542.0, 565.0
549.0, 555.0
542.0, 550.0
525.0, 550.0
515.0, 557.0
506.0, 568.0
514.0, 550.0
522.0, 550.0
547.0, 551.0
544.0, 541.0
538.0, 531.0
524.0, 521.0
517.0, 517.0
520.0, 531.0
531.0, 537.0
531.0, 547.0
517.0, 546.0
507.0, 556.0
496.0, 561.0
481.0, 567.0
478.0, 576.0
477.0, 586.0
471.0, 594.0
471.0, 608.0
474.0, 616.0
484.0, 618.0

